
========L=======
     1.000      0.000      0.000      0.000      0.000      0.000      0.000      0.000
    -0.021      1.000      0.000      0.000      0.000      0.000      0.000      0.000
     0.031      0.000      1.000      0.000      0.000      0.000      0.000      0.000
     0.062      0.000      0.000      1.000      0.000      0.000      0.000      0.000
     0.125      0.000      0.000      0.000      1.000      0.000      0.000      0.000
     0.250      0.000      0.000      0.000      0.000      1.000      0.000      0.000
     0.500      0.000      0.000      0.000      0.000     -0.000      1.000      0.000
     0.031      0.000     -1.000     -1.000     -1.000     -1.000     -1.000      1.000

========U=======
   -96.000    128.000     16.000    -24.000     12.000     -8.000     -1.000      4.000
     0.000      1.667     -2.667     -4.500     -4.750      3.833      0.979     -4.917
     0.000      0.000      1.500     -2.250      1.625      3.250      4.031      2.875
     0.000      0.000      0.000      0.500      0.250      3.500     -2.938     -5.250
     0.000      0.000      0.000      0.000      2.500     -1.000     -2.875      3.500
     0.000      0.000      0.000      0.000      0.000     -1.000     -0.750     -3.000
     0.000      0.000      0.000      0.000      0.000      0.000      3.500     -5.000
     0.000      0.000      0.000      0.000      0.000      0.000      0.000     -7.000

========p=======
     6.000      7.000      0.000      2.000      3.000      4.000      5.000      1.000

========x=======
     1.000      2.000      3.000      4.000      5.000      6.000      7.000      8.000
