
========L=======
     1.000      0.000      0.000      0.000      0.000      0.000      0.000      0.000      0.000      0.000
     1.000      1.000      0.000      0.000      0.000      0.000      0.000      0.000      0.000      0.000
     1.000      0.444      1.000      0.000      0.000      0.000      0.000      0.000      0.000      0.000
     1.000      0.778      0.700      1.000      0.000      0.000      0.000      0.000      0.000      0.000
     1.000      0.111      0.400     -0.571      1.000      0.000      0.000      0.000      0.000      0.000
     1.000      0.889      0.400      0.762      0.222      1.000      0.000      0.000      0.000      0.000
     1.000      0.222      0.700     -0.667      0.972      0.625      1.000      0.000      0.000      0.000
     1.000      0.556      1.000      0.476     -0.278     -0.714     -0.571      1.000      0.000      0.000
     1.000      0.333      0.900     -0.429      0.500      0.643      0.857     -0.500      1.000      0.000
     1.000      0.667      0.900      0.857     -0.250     -0.804     -0.429      1.000      1.000      1.000

========U=======
     1.000      1.000      1.000      1.000      1.000      1.000      1.000      1.000       1.000          1.000
     0.000      9.000     99.000    999.000   9999.000  99999.000  999999.000   9999999.000   99999999.000   999999999.000
     0.000      0.000    -20.000   -320.000  -3820.000 -41320.000  -428820.000  -4366320.000  -44053820.000  -442491320.000
     0.000      0.000      0.000    -42.000  -1008.000 -16086.000  -215460.000  -2624202.000  -30162888.000  -333816126.000
     0.000      0.000      0.000      0.000   -144.000  -3744.000  -62640.000   -864000.000   -10725264.000  -124866144.000
     0.000      0.000      0.000      0.000      0.000   -224.000  -7840.000    -168000.000   -2856000.000   -42387744.000
     0.000      0.000      0.000      0.000      0.000      0.000    840.000    31920.000     725760.000     12887280.000
     0.000      0.000      0.000      0.000      0.000      0.000      0.000    -1440.000     -63360.000     -1624320.000
     0.000      0.000      0.000      0.000      0.000      0.000      0.000      0.000       -1440.000      -69120.000
     0.000      0.000      0.000      0.000      0.000      0.000      0.000      0.000       0.000          -4320.000

========p=======
     0.000      9.000      4.000      7.000      1.000      8.000      2.000      5.000      3.000      6.000

========x=======
    -0.000      1.000      2.000      3.000      4.000      5.000      6.000      7.000      8.000      9.000
